49316361.0
43755037.0
34779157.0
30297720.0
26370467.0
25232507.0
22319358.0
22201842.0
22046709.0
20859304.0
19513067.0
18332245.0
18193840.0
18097799.0
17458049.0
16944836.0
16448435.0
16272020.0
15633109.0
15372159.0
15013572.0
14058758.0
13401017.0
13007231.0
10805400.0
10475542.0
10342846.0
10302996.0
10162239.0
10060844.0
9656497.0
9573790.0
9339217.0
9103947.0
8906410.0
8536176.0
8242301.0
8122149.0
7306587.0
7272738.0
7195806.0
6304899.0
6157240.0
6012488.0
5689713.0
5653000.0
5378523.0
5371762.0
5325080.0
5020656.0
4770720.0
4720836.0
4700062.0
3919235.0
3839938.0
3642202.0
3645854.0
3498939.0
3451003.0
3454088.0
3136848.0
3068118.0
3067535.0
2931167.0
2877266.0
2821631.0
2807420.0
2739918.0
2736891.0
2539241.0
2429381.0
2353138.0
2316488.0
2297935.0
2161754.0
2099595.0
2079580.0
1936693.0
1790290.0
1761895.0
1742170.0
1680626.0
1660794.0
1567867.0
1560923.0
1525889.0
1318755.0
1276146.0
1210360.0
1197103.0
1181530.0
1152170.0
1112005.0
1098432.0
1075105.0
1071350.0
1002641.0
976103.0
936684.0
914562.0
911998.0
888928.0
866005.0
860848.0
858147.0
851562.0
841236.0
826972.0
768133.0
799618.0
770060.0
756085.0
749415.0
726362.0
707105.0
713473.0
708999.0
699846.0
646425.0
629746.0
621004.0
609017.0
605856.0
605764.0
588637.0
567712.0
562707.0
562312.0
561139.0
560183.0
551845.0
546214.0
512825.0
506781.0
495722.0
494648.0
486138.0
483922.0
471300.0
470219.0
466657.0
465592.0
457764.0
450646.0
447183.0
438177.0
436229.0
426246.0
414852.0
423434.0
413344.0
413043.0
398994.0
390773.0
385299.0
381137.0
380862.0
368583.0
368188.0
362593.0
354000.0
346873.0
344487.0
333090.0
332362.0
331825.0
323723.0
321649.0
317004.0
246004.0
303675.0
301740.0
295510.0
292629.0
287176.0
285960.0
275437.0
273964.0
266902.0
265311.0
264377.0
263354.0
258990.0
253684.0
237864.0
239689.0
236360.0
233908.0
233609.0
230707.0
230249.0
223699.0
218534.0
215583.0
214522.0
210752.0
209015.0
208804.0
207710.0
207618.0
204019.0
194242.0
193842.0
191751.0
188397.0
186163.0
176857.0
171830.0
171285.0
170056.0
169916.0
166947.0
164797.0
160283.0
160016.0
158238.0
155403.0
147744.0
146837.0
145084.0
143147.0
141522.0
141265.0
139339.0
134754.0
132217.0
132141.0
126620.0
126547.0
111794.0
124449.0
124148.0
79109.0
121302.0
120601.0
117606.0
115277.0
113195.0
112954.0
112623.0
112007.0
111752.0
109657.0
109652.0
109259.0
105939.0
105090.0
84385.0
100599.0
100556.0
100413.0
99936.0
99299.0
97665.0
96781.0
94129.0
91866.0
91364.0
90875.0
89846.0
88268.0
86205.0
87578.0
87473.0
86737.0
83906.0
83258.0
82416.0
82224.0
82125.0
81671.0
81396.0
81277.0
80752.0
79594.0
79098.0
78863.0
77885.0
76401.0
73378.0
61051.0
73178.0
72020.0
71967.0
71638.0
70673.0
70319.0
69309.0
68820.0
67738.0
66415.0
61648.0
64173.0
63507.0
62285.0
61858.0
61830.0
61812.0
61560.0
52695.0
60277.0
56427.0
55500.0
42376.0
54945.0
54400.0
53520.0
53280.0
17192.0
51985.0
51885.0
51837.0
35068.0
49801.0
49284.0
49266.0
47719.0
46909.0
45892.0
44776.0
44710.0
44629.0
44242.0
43741.0
43530.0
43422.0
42799.0
42683.0
42212.0
41137.0
40746.0
40424.0
29478.0
40020.0
38823.0
38627.0
37942.0
37360.0
36619.0
36365.0
35938.0
36024.0
35819.0
35580.0
35074.0
34950.0
34807.0
34643.0
33904.0
33816.0
27322.0
33510.0
33328.0
33328.0
31600.0
19261.0
27478.0
32392.0
28781.0
31558.0
31482.0
31421.0
31394.0
31331.0
30906.0
30875.0
30811.0
30780.0
30750.0
30704.0
30467.0
18676.0
30300.0
30248.0
29895.0
17841.0
29570.0
29556.0
29469.0
29164.0
29070.0
28633.0
28398.0
28252.0
28110.0
16187.0
27280.0
15966.0
26958.0
26827.0
26642.0
26615.0
26537.0
26316.0
26202.0
25743.0
24676.0
12711.0
25414.0
25403.0
25371.0
25316.0
25185.0
25136.0
25060.0
24820.0
24820.0
24738.0
24623.0
24622.0
24622.0
24462.0
24330.0
24092.0
24086.0
20887.0
23550.0
23519.0
23476.0
23446.0
23408.0
23169.0
22953.0
22914.0
22872.0
11362.0
22686.0
11305.0
22533.0
22515.0
11992.0
11976.0
22072.0
21930.0
21805.0
21618.0
21149.0
21600.0
21298.0
21088.0
21022.0
21022.0
21022.0
19113.0
20867.0
20833.0
20815.0
20310.0
12832.0
11267.0
13240.0
19235.0
19152.0
15265.0
18828.0
18781.0
18724.0
18629.0
18563.0
18544.0
18525.0
18506.0
18401.0
17456.0
18097.0
18012.0
17803.0
17800.0
17793.0
17765.0
17755.0
15544.0
17719.0
9416.0
17632.0
17586.0
17575.0
17565.0
17527.0
17520.0
17480.0
17292.0
17261.0
17190.0
17112.0
17090.0
16854.0
16854.0
16854.0
15639.0
16106.0
16106.0
16027.0
15741.0
15637.0
15400.0
15196.0
15196.0
14801.0
13926.0
