0 58
0 132
0 276
0 398
0 555
0 603
1 265
1 611
2 182
2 265
2 345
3 40
3 65
3 185
3 228
3 299
3 352
3 377
3 450
3 484
3 608
4 254
4 265
4 287
4 336
5 503
6 163
6 429
6 478
6 486
6 518
7 35
7 265
7 293
7 305
7 339
7 444
7 583
8 73
8 98
8 278
8 369
8 434
9 15
9 23
9 56
9 67
9 89
9 90
9 107
9 131
9 189
9 206
9 229
9 248
9 249
9 254
9 265
9 288
9 289
9 317
9 340
9 351
9 434
9 446
9 465
9 498
9 550
9 570
9 593
9 611
10 258
10 393
11 174
11 212
11 259
11 264
11 380
11 485
12 310
12 548
12 618
13 352
14 264
14 326
15 43
15 56
15 67
15 70
15 265
15 340
15 432
15 454
15 505
16 75
16 117
16 119
16 237
16 274
16 334
16 374
16 400
16 466
16 516
16 545
16 613
17 65
17 185
17 299
17 450
17 608
18 265
19 572
20 160
20 238
20 242
20 324
20 355
20 481
21 329
21 334
21 441
21 516
22 22
22 104
22 187
22 270
22 420
23 54
23 58
23 67
23 128
23 157
23 182
23 227
23 257
23 277
23 288
23 340
23 343
23 434
24 230
24 306
24 501
24 502
24 547
24 591
25 363
26 230
27 424
28 147
28 230
28 527
29 49
30 126
31 41
31 48
31 63
31 142
31 169
31 179
31 193
31 266
31 269
31 285
31 315
31 327
31 357
31 424
31 449
31 488
31 491
31 507
31 508
31 515
31 518
31 524
31 543
31 546
31 595
32 89
32 159
32 183
32 265
32 300
32 364
32 581
32 611
34 89
34 208
34 254
34 265
34 373
34 419
35 56
35 58
35 87
35 89
35 90
35 131
35 195
35 198
35 243
35 265
35 289
35 338
35 383
35 389
35 439
35 536
35 597
35 601
35 611
35 615
35 618
36 490
37 389
38 518
39 509
39 576
39 603
40 240
40 333
40 344
40 352
40 484
40 538
41 62
41 109
41 121
41 193
41 265
41 282
41 321
41 397
41 434
41 465
41 594
41 611
42 467
43 39
43 67
43 83
43 102
43 229
43 253
43 265
43 340
43 360
43 505
43 577
44 265
45 461
45 518
45 524
46 67
46 86
46 110
46 317
46 417
46 550
46 578
47 475
47 500
47 508
48 164
48 518
48 524
49 71
49 188
49 196
49 293
49 512
50 67
50 70
50 131
50 171
50 182
50 183
50 289
50 330
50 340
50 389
50 483
50 544
50 562
50 578
52 113
52 494
53 122
54 89
54 265
54 275
54 536
55 78
55 154
55 158
55 210
55 214
55 252
55 437
55 452
56 60
56 67
56 68
56 70
56 87
56 89
56 90
56 102
56 116
56 128
56 130
56 131
56 151
56 182
56 195
56 198
56 217
56 229
56 235
56 238
56 244
56 265
56 289
56 338
56 340
56 345
56 350
56 351
56 359
56 375
56 383
56 389
56 439
56 465
56 479
56 505
56 577
56 584
56 597
56 601
56 603
56 611
56 616
56 617
57 148
57 264
58 87
58 89
58 90
58 265
58 302
58 350
58 434
58 537
58 601
58 603
58 611
58 616
59 116
59 265
60 198
60 265
60 350
60 389
60 439
61 244
62 169
62 193
62 265
62 266
62 269
62 282
62 285
62 392
62 449
62 611
63 45
63 139
63 164
63 448
63 504
63 518
63 572
63 602
64 498
65 185
65 240
65 299
65 333
65 450
65 608
66 141
67 68
67 70
67 89
67 90
67 102
67 107
67 131
67 146
67 181
67 183
67 189
67 198
67 229
67 245
67 248
67 249
67 253
67 254
67 265
67 288
67 289
67 291
67 317
67 323
67 325
67 338
67 340
67 351
67 352
67 372
67 389
67 410
67 416
67 419
67 434
67 440
67 445
67 465
67 469
67 498
67 505
67 531
67 550
67 570
67 577
67 578
67 593
67 603
67 611
68 70
68 198
68 242
68 265
68 288
68 340
68 505
68 603
69 253
69 385
69 498
70 72
70 89
70 90
70 102
70 107
70 116
70 170
70 181
70 189
70 205
70 229
70 235
70 244
70 248
70 249
70 254
70 265
70 269
70 275
70 288
70 317
70 323
70 340
70 342
70 383
70 403
70 434
70 439
70 465
70 473
70 498
70 505
70 536
70 550
70 570
70 577
70 593
70 599
70 601
70 611
70 616
71 265
71 495
72 240
72 269
75 75
75 117
75 119
75 237
75 274
75 334
75 400
75 516
75 613
76 483
77 379
78 154
78 158
78 210
78 214
78 252
78 331
78 437
78 452
79 85
79 414
79 491
79 507
79 518
79 546
79 595
80 138
81 290
81 563
82 171
82 261
82 389
82 409
82 451
82 584
83 89
83 254
83 265
83 288
83 317
83 465
84 329
84 374
84 545
85 292
85 335
85 507
85 518
86 578
87 89
87 90
87 131
87 151
87 175
87 182
87 198
87 217
87 227
87 229
87 257
87 265
87 289
87 338
87 340
87 350
87 375
87 389
87 439
87 479
87 576
87 580
87 597
87 601
87 611
87 616
88 265
88 434
88 460
88 474
88 498
88 550
89 90
89 116
89 128
89 136
89 151
89 155
89 182
89 217
89 221
89 245
89 248
89 254
89 275
89 288
89 300
89 317
89 324
89 340
89 343
89 350
89 351
89 432
89 446
89 465
89 505
89 558
89 569
89 570
89 584
89 597
89 601
90 116
90 130
90 131
90 151
90 157
90 182
90 195
90 198
90 206
90 208
90 217
90 227
90 229
90 238
90 242
90 265
90 275
90 289
90 317
90 324
90 340
90 342
90 350
90 351
90 355
90 372
90 373
90 389
90 413
90 434
90 439
90 473
90 479
90 505
90 550
90 580
90 584
90 597
90 601
90 603
90 611
90 616
91 253
91 563
92 186
93 94
93 103
93 146
93 567
93 614
94 103
95 492
95 523
96 211
96 379
96 537
97 265
98 74
98 99
98 216
98 295
98 471
98 605
99 108
99 142
99 431
100 518
101 124
101 152
101 216
101 311
101 329
101 374
101 545
102 554
103 567
104 187
104 253
104 290
104 469
104 563
105 521
105 548
106 305
106 444
106 583
107 265
107 291
107 317
107 340
107 383
107 416
107 498
107 505
107 550
108 147
108 230
108 527
108 547
109 169
109 181
109 320
110 578
111 229
111 265
111 389
111 451
112 265
112 498
113 222
113 276
113 319
113 358
113 398
113 494
113 522
113 555
113 559
114 134
114 138
114 143
114 184
114 200
114 201
114 389
114 397
115 145
116 151
116 182
116 198
116 243
116 248
116 265
116 275
116 342
116 366
116 372
116 434
116 446
116 536
116 558
116 593
116 611
116 616
117 119
117 334
117 466
117 516
117 545
117 613
118 507
118 518
119 334
119 545
119 613
120 265
120 375
121 227
121 265
121 433
121 553
123 179
123 292
123 347
123 491
123 518
123 524
124 374
124 545
124 613
125 308
125 423
125 565
127 347
127 518
127 524
128 131
128 135
128 208
128 254
128 265
128 289
128 373
128 404
128 446
128 465
128 570
128 576
130 136
130 151
130 217
130 288
130 340
130 355
130 432
130 597
131 122
131 151
131 157
131 182
131 217
131 229
131 238
131 248
131 265
131 288
131 325
131 340
131 343
131 351
131 505
131 510
131 597
131 601
132 198
133 397
133 407
134 143
134 184
134 251
134 456
134 563
135 227
135 281
135 317
135 321
135 350
135 359
135 360
135 386
135 446
135 458
135 544
136 155
136 208
136 229
136 265
136 389
136 422
136 439
136 536
136 558
136 568
136 576
136 611
137 117
137 311
137 329
137 441
138 418
139 518
140 265
140 581
141 51
141 280
141 461
141 574
142 164
142 491
142 518
142 524
142 596
143 151
143 172
143 182
143 184
143 265
143 397
143 407
143 456
143 580
143 581
144 150
144 311
144 374
144 441
144 545
145 241
145 264
145 380
145 525
146 193
146 253
146 354
146 498
146 505
146 567
147 126
147 230
147 279
147 438
147 501
147 502
147 527
147 547
147 591
148 253
148 265
148 498
148 563
149 276
149 319
149 494
149 522
149 555
150 311
150 329
150 374
150 545
150 613
151 265
151 289
151 345
151 375
151 389
151 580
151 597
151 601
151 603
151 611
152 137
152 311
152 329
152 374
152 382
152 441
152 545
153 412
154 129
154 158
154 210
154 214
154 223
154 252
154 331
154 437
154 452
154 533
155 254
155 265
155 293
155 570
155 576
156 483
157 257
157 288
157 289
157 510
157 585
157 603
157 604
158 210
158 214
158 223
158 252
158 437
158 452
159 265
159 360
159 375
159 397
159 432
159 458
160 383
161 265
162 323
162 498
162 610
163 478
163 486
163 535
163 561
164 176
164 179
164 256
164 307
164 315
164 327
164 337
164 488
164 491
164 507
164 508
164 515
164 518
164 524
164 543
164 546
164 595
165 165
165 179
165 518
165 524
165 596
166 182
166 183
166 265
166 418
166 611
167 601
168 299
169 181
169 265
169 282
169 397
169 611
170 340
170 383
171 202
171 406
171 459
172 265
172 581
172 599
172 611
173 369
174 212
174 259
174 264
174 318
174 380
175 576
175 611
176 216
176 220
176 301
176 362
176 427
176 478
176 497
177 350
177 389
177 510
178 495
178 539
179 292
179 347
179 491
179 518
179 524
179 596
179 605
180 209
180 331
180 496
180 520
181 235
181 248
181 258
181 320
181 340
181 352
181 363
181 476
181 552
182 195
182 198
182 229
182 246
182 265
182 289
182 300
182 317
182 345
182 350
182 375
182 389
182 439
182 451
182 456
182 463
182 473
182 603
182 611
183 202
183 265
183 459
184 251
184 397
184 456
185 240
185 333
185 356
185 377
185 432
185 538
186 202
186 414
186 459
187 217
187 270
187 420
187 514
189 288
189 340
190 393
191 45
191 518
191 524
192 371
192 559
193 273
193 282
193 285
193 433
193 449
194 226
194 398
194 619
195 151
195 175
195 217
195 227
195 257
195 340
195 350
195 389
195 597
198 102
198 217
198 229
198 238
198 245
198 265
198 317
198 340
198 350
198 355
198 372
198 432
198 505
198 558
198 577
198 580
198 597
198 601
198 603
199 316
199 518
199 566
202 288
202 340
202 343
202 426
202 555
203 345
203 435
204 215
204 540
206 473
207 372
208 288
208 340
208 343
208 446
208 455
208 601
209 33
210 223
210 252
210 437
210 452
212 259
212 264
212 380
213 502
214 223
214 533
214 534
215 278
215 405
215 540
216 402
216 618
217 102
217 229
217 245
217 265
217 289
217 317
217 350
217 404
217 413
217 439
217 473
217 510
217 576
217 577
217 580
217 585
217 589
217 597
217 601
217 603
217 611
217 617
218 521
219 548
220 427
220 441
220 478
220 518
220 535
221 265
222 365
222 494
222 522
223 252
223 452
223 542
224 235
224 248
224 258
224 262
224 352
224 363
224 376
224 388
224 443
224 470
224 552
224 569
225 253
225 290
225 469
225 493
225 498
225 563
225 584
226 371
226 431
227 102
227 265
227 352
227 370
227 436
227 442
227 453
227 577
228 392
229 151
229 265
229 289
229 317
229 340
229 361
229 389
229 396
229 436
229 440
229 446
229 505
229 509
229 549
229 554
229 576
229 597
230 279
230 306
230 438
230 501
230 502
230 527
230 547
230 591
231 425
232 134
232 146
232 253
232 498
232 563
233 265
234 618
235 258
235 352
235 354
235 363
235 368
235 472
235 552
235 578
236 282
237 117
237 119
237 274
237 334
237 374
237 400
237 516
237 545
237 613
238 265
238 289
238 325
238 449
238 550
238 603
238 611
238 616
239 616
240 299
240 377
240 450
240 484
240 563
240 608
241 264
242 248
242 265
242 323
242 434
242 498
242 611
243 265
243 521
244 224
244 235
244 352
244 368
244 472
245 265
245 291
245 322
245 340
245 416
245 473
245 509
245 580
245 593
245 611
245 616
246 265
247 601
248 352
248 498
248 499
248 505
248 550
248 599
248 611
249 288
249 340
250 39
250 440
251 456
251 560
252 437
252 452
253 323
253 354
253 469
253 498
253 505
253 563
254 265
254 288
254 340
254 465
254 505
254 558
254 570
255 518
256 518
257 265
257 616
258 363
258 403
258 476
259 264
260 294
260 386
260 432
260 458
261 265
261 397
261 436
261 451
262 368
262 470
263 311
263 613
264 318
264 380
264 525
265 175
265 248
265 265
265 271
265 275
265 277
265 288
265 300
265 302
265 309
265 312
265 317
265 320
265 321
265 322
265 324
265 338
265 340
265 341
265 343
265 345
265 346
265 349
265 350
265 351
265 352
265 360
265 361
265 364
265 372
265 375
265 383
265 384
265 386
265 397
265 404
265 426
265 432
265 433
265 436
265 439
265 446
265 449
265 454
265 456
265 458
265 464
265 465
265 476
265 479
265 505
265 510
265 531
265 549
265 558
265 569
265 570
265 576
265 578
265 584
265 588
265 594
265 597
265 599
265 601
265 611
265 615
265 616
267 548
268 456
268 463
269 248
269 410
269 505
269 599
270 420
271 482
271 603
272 299
274 117
274 119
274 334
274 374
274 400
274 466
274 516
274 545
274 613
275 434
275 584
275 611
276 276
276 296
276 398
276 494
276 555
276 598
276 619
279 501
281 404
282 285
282 341
282 364
282 392
282 449
283 350
284 374
284 545
286 368
286 499
287 303
288 248
288 289
288 317
288 323
288 340
288 342
288 350
288 351
288 434
288 455
288 459
288 465
288 528
288 536
288 550
288 570
288 576
288 611
288 616
289 122
289 248
289 317
289 325
289 340
289 343
289 351
289 505
289 510
289 597
289 601
290 469
290 498
290 563
291 248
292 307
292 328
292 335
292 421
292 518
292 612
293 570
297 448
297 518
298 360
298 386
298 389
299 299
299 356
299 377
299 538
299 575
299 577
300 303
300 564
300 581
300 611
302 536
303 336
304 369
305 339
305 583
306 547
307 335
307 518
307 524
308 555
311 613
312 389
313 488
313 518
313 524
314 446
315 518
315 524
316 518
317 324
317 340
317 343
317 350
317 352
317 372
317 404
317 434
317 446
317 505
317 550
317 576
317 584
317 603
317 611
317 617
318 447
319 365
319 398
319 494
319 522
319 559
319 619
321 389
321 404
323 340
323 434
323 498
323 550
323 610
324 372
324 422
324 611
324 616
325 505
327 480
327 518
328 491
328 508
328 518
328 524
328 596
329 311
329 374
329 382
329 441
329 545
329 609
330 436
332 494
334 613
335 414
335 518
337 498
338 505
338 607
339 444
339 583
340 39
340 248
340 342
340 343
340 351
340 355
340 434
340 440
340 446
340 459
340 465
340 473
340 498
340 505
340 550
340 568
340 581
340 601
340 603
340 611
340 616
342 343
342 351
342 372
342 597
343 248
343 372
343 434
343 459
343 465
343 536
343 550
343 558
343 611
343 616
344 377
345 391
345 435
345 451
345 531
345 580
346 599
347 488
347 518
347 524
347 543
348 518
350 389
350 404
350 413
350 434
350 446
350 463
350 603
350 611
352 616
353 311
353 374
353 441
353 545
354 498
355 550
355 603
355 616
356 377
357 45
357 48
357 63
357 79
357 118
357 127
357 164
357 165
357 179
357 307
357 313
357 335
357 395
357 430
357 448
357 491
357 504
357 508
357 515
357 518
357 524
357 532
357 543
357 572
357 596
358 467
358 494
358 555
359 404
360 389
360 404
360 479
360 568
361 550
361 576
361 603
361 611
361 616
362 478
363 368
363 388
363 401
364 360
364 397
364 432
364 458
365 398
365 522
365 555
367 539
368 352
369 73
372 389
372 465
372 550
372 603
372 611
372 616
374 117
374 119
374 311
374 334
374 382
374 400
374 441
374 516
374 609
374 613
375 404
375 432
377 450
377 538
377 563
377 608
378 604
381 248
382 545
383 442
383 611
385 352
385 498
385 571
385 587
386 404
386 432
386 458
387 390
387 425
387 530
389 432
389 446
389 451
389 454
389 458
389 531
395 508
395 518
395 524
397 581
397 600
398 522
398 555
398 598
399 197
399 597
400 117
400 119
400 334
400 466
400 516
400 545
400 613
404 446
404 458
405 540
408 143
408 265
408 418
408 581
408 599
410 505
411 449
413 597
414 518
415 393
416 248
417 578
418 440
418 506
419 89
419 128
419 155
419 254
419 265
419 288
419 343
419 465
419 570
421 491
421 518
421 524
421 546
421 595
423 555
424 118
424 164
424 256
424 348
424 480
424 491
424 518
426 459
426 611
427 478
427 535
428 524
429 163
429 220
429 362
429 427
429 478
429 535
430 518
432 454
432 479
432 611
434 352
434 505
434 584
434 597
436 489
436 531
436 611
437 452
437 521
438 527
441 311
441 545
442 129
443 590
445 229
445 250
445 340
445 576
446 505
446 558
446 584
446 603
446 611
446 616
447 606
448 487
448 518
448 572
448 585
448 602
449 450
449 553
449 608
449 611
450 538
453 597
457 518
457 524
458 479
458 611
459 555
460 385
460 498
460 571
460 582
460 587
461 574
465 505
466 119
466 334
466 516
466 613
467 494
467 555
468 499
469 498
469 505
469 563
470 352
470 368
470 470
474 498
474 550
476 368
477 521
478 486
478 497
478 535
480 518
485 115
485 145
485 174
485 212
485 241
485 259
485 264
485 380
485 525
487 518
488 596
490 33
491 508
491 515
491 566
491 579
491 612
494 522
494 555
494 598
495 539
497 535
498 352
498 505
498 511
498 530
498 563
498 571
498 587
500 513
501 126
501 502
501 527
501 547
501 605
502 126
502 502
502 547
503 311
504 518
505 550
505 592
505 599
505 611
507 546
508 518
515 518
515 612
516 119
516 334
516 545
516 613
517 181
517 224
517 235
517 403
518 524
518 532
518 543
518 546
518 566
518 572
518 573
518 579
518 585
518 595
518 596
518 602
518 612
519 584
522 555
522 559
522 598
522 619
523 605
524 488
524 541
524 543
524 551
524 566
524 579
524 586
524 596
526 70
526 87
526 181
526 195
526 224
526 235
526 352
526 363
526 388
526 403
526 462
526 498
526 517
526 519
526 536
526 552
526 558
527 547
529 253
529 412
529 474
536 558
538 608
544 404
545 311
545 334
545 609
545 613
546 546
546 595
547 591
548 556
554 389
554 451
554 577
555 565
555 598
555 619
556 556
557 90
557 151
557 182
557 227
557 394
558 603
558 616
570 340
570 343
570 505
571 587
572 572
575 436
576 584
576 601
576 603
578 550
578 588
584 550
584 603
584 611
589 601
591 605
593 275
593 288
593 323
593 340
593 343
593 505
593 558
593 576
593 597
597 601
597 603
597 611
601 603
601 616
603 616
615 611
618 393
618 471
