98
37
58
186
195
40
140
74
34
151
159
48
47
89
32
169
164
199
60
44
120
66
110
11
76
147
119
154
4
66
166
147
176
164
195
138
80
42
188
107
108
106
42
133
113
101
147
127
144
173
100
28
28
51
167
27
35
129
12
116
76
96
34
59
142
127
10
174
55
58
177
64
47
57
1
8
142
99
111
48
1
121
9
162
23
164
95
72
34
85
97
108
69
29
125
195
14
78
121
110
23
87
11
172
199
60
15
106
156
109
57
28
193
194
101
108
24
2
144
161
79
116
134
124
15
128
72
81
10
156
24
199
160
189
80
5
189
41
40
21
82
160
181
40
88
16
2
167
67
165
129
189
74
119
25
177
160
167
5
119
62
192
171
154
23
129
137
120
33
85
38
25
142
28
184
99
86
157
74
193
200
36
15
114
95
107
95
64
59
200
158
126
123
98
180
123
175
91
184
54
21
18
143
106
189
131
65
36
79
24
117
94
25
84
16
118
146
170
27
144
51
66
185
85
188
73
22
24
104
63
27
154
152
15
182
18
44
64
126
189
67
165
85
57
67
40
77
145
76
18
90
53
118
135
35
162
125
29
68
193
141
198
177
76
9
57
30
179
131
102
155
131
4
198
92
144
95
170
62
23
165
103
57
13
186
167
100
9
160
149
84
175
59
141
161
15
199
24
64
82
151
81
25
173
99
94
73
92
27
20
45
174
9
104
85
91
55
11
74
37
113
134
198
68
120
138
44
86
118
188
61
120
159
145
82
198
141
82
146
173
63
149
67
122
161
25
9
192
14
143
8
158
18
43
191
33
65
181
188
166
39
165
185
66
198
197
157
89
112
5
196
141
131
27
120
147
182
35
172
174
165
32
153
126
36
117
18
5
116
130
199
151
131
25
121
45
16
9
156
80
121
145
14
37
86
4
114
29
18
65
76
197
20
82
193
169
35
180
85
51
130
103
40
65
135
169
172
61
115
32
68
136
111
165
66
191
179
60
78
199
197
192
102
186
120
9
13
6
114
102
160
67
28
148
28
184
42
182
66
23
70
125
20
21
112
195
157
149
124
140
180
52
16
107
127
76
29
27
152
20
97
56
85
33
151
193
124
113
66
175
14
128
167
173
40
59
144
33
182
122
54
174
21
148
25
120
80
103
187
29
160
35
58
179
184
152
108
194
70
11
12
163
179
113
82
43
165
145
8
52
107
179
111
49
108
193
9
174
6
174
177
114
163
118
130
150
57
76
22
1
142
10
33
75
192
131
20
122
159
170
139
82
177
174
87
186
192
84
57
150
72
38
192
26
13
98
11
61
140
177
111
190
11
54
195
188
50
36
190
36
194
52
60
34
184
190
133
13
34
1
59
42
28
28
198
21
115
54
123
67
129
97
137
13
9
116
165
189
61
134
