2 1
3 1
3 2
5 1
7 0
7 1
7 2
7 5
8 6
8 7
10 2
10 7
11 1
15 1
15 2
15 6
15 8
15 12
16 7
17 6
17 7
18 0
18 7
19 1
19 2
19 7
19 8
19 13
19 14
20 1
20 7
22 2
22 7
22 9
23 2
23 19
24 19
25 6
25 7
26 7
27 5
27 12
29 7
30 25
31 7
31 8
31 23
32 7
32 12
32 19
32 20
32 22
33 7
33 8
33 17
35 0
35 21
36 7
36 20
36 22
38 7
39 7
39 21
40 12
41 7
42 34
43 7
44 7
44 23
44 31
45 7
46 13
47 5
48 8
49 11
49 28
49 38
49 41
49 44
49 46
51 25
52 24
53 46
54 8
54 13
54 24
55 13
57 8
58 8
58 52
58 54
58 56
59 2
59 15
59 46
59 53
60 54
60 56
62 13
62 58
63 12
63 28
65 19
65 48
66 21
66 46
68 44
68 53
69 21
70 12
73 55
73 58
74 24
75 49
77 12
77 62
78 19
80 75
80 79
81 46
81 49
82 66
85 49
86 30
86 49
87 4
87 8
87 13
87 21
87 24
87 48
87 54
88 87
89 24
89 48
89 83
89 87
90 46
90 55
90 59
92 56
92 58
93 56
94 12
94 57
94 74
95 12
95 77
95 87
96 46
97 13
97 21
97 34
97 56
97 72
97 91
98 69
99 24
99 55
100 55
103 21
103 56
103 57
103 97
104 52
104 54
104 57
104 58
104 97
105 34
105 58
106 87
107 56
107 89
107 97
108 97
108 101
108 107
109 13
109 69
110 87
111 24
111 74
113 52
113 56
113 58
113 61
113 103
113 107
114 87
114 110
115 87
116 8
116 52
117 4
117 87
117 94
117 97
117 104
120 48
120 56
120 60
120 73
120 87
120 107
120 108
120 109
120 113
121 56
121 107
121 108
122 21
122 52
122 56
122 58
122 92
122 97
122 103
122 104
122 108
122 109
122 114
122 117
122 121
123 24
123 122
124 52
124 56
124 57
124 58
124 122
124 123
125 73
125 120
126 12
127 104
127 114
128 52
129 73
129 109
129 127
130 129
134 54
134 62
134 110
136 54
136 73
136 97
137 58
137 97
139 54
140 54
140 107
141 92
142 56
142 127
142 132
144 58
145 24
145 123
147 34
149 24
150 24
150 60
150 62
151 84
155 56
155 62
155 103
155 140
155 151
156 151
157 21
157 56
157 107
158 119
159 56
159 101
160 48
160 57
161 89
161 103
161 127
162 12
162 56
162 58
162 60
162 97
162 122
162 142
162 147
162 155
163 4
163 71
165 12
165 52
165 77
165 159
165 160
166 52
166 103
167 123
168 104
168 122
169 56
169 58
169 89
169 97
169 103
169 109
169 117
169 127
169 129
169 132
169 133
169 157
169 159
169 164
169 165
170 56
170 103
170 107
170 113
170 122
170 127
171 73
171 122
172 161
173 122
174 165
175 56
175 113
177 105
177 117
177 128
177 165
177 173
178 56
180 56
182 107
182 108
183 120
184 120
185 120
185 184
186 73
186 132
186 142
187 154
188 105
188 107
188 108
188 151
188 155
188 157
189 12
189 48
190 127
190 169
191 169
192 48
192 151
192 169
192 189
193 165
194 34
194 97
194 102
194 127
194 161
194 169
195 12
195 83
195 155
196 129
197 173
198 37
198 147
198 154
198 169
199 174
201 50
201 69
201 169
202 169
203 64
203 67
203 131
203 157
203 169
203 198
204 127
204 132
204 142
204 151
204 162
204 169
204 174
204 200
205 198
206 12
206 21
206 50
206 142
206 188
207 155
208 169
208 203
208 204
209 155
210 62
211 34
211 50
211 108
211 117
211 169
211 198
212 196
213 50
213 108
213 151
213 169
213 188
213 204
214 151
214 156
214 165
214 204
215 69
215 151
215 152
215 169
215 212
216 142
216 167
217 190
219 140
220 188
220 206
220 212
221 202
222 109
222 118
222 211
223 108
223 129
223 132
223 165
223 186
223 211
223 215
224 153
224 154
224 198
225 169
226 153
226 213
226 224
226 225
227 210
228 77
228 129
229 12
229 50
229 71
229 77
229 95
229 108
229 139
229 160
229 163
229 165
229 177
229 203
229 206
229 214
229 218
230 50
230 138
230 203
231 228
232 129
232 169
232 195
232 198
232 209
232 215
232 222
232 223
233 161
235 189
235 192
236 129
236 179
236 195
236 203
236 204
236 210
236 215
236 223
236 227
236 232
237 118
238 132
238 138
238 147
238 198
238 203
238 217
239 132
239 142
239 174
239 223
241 238
243 169
244 195
244 241
246 133
246 169
246 172
246 196
246 198
246 218
246 223
246 232
246 236
247 152
247 165
247 215
247 232
249 248
250 248
250 249
251 185
252 50
253 142
253 147
253 204
253 211
253 223
254 203
254 238
255 180
255 198
256 34
256 147
256 209
256 232
256 248
257 69
257 169
257 204
257 209
257 215
257 223
257 246
257 256
258 119
258 132
258 169
258 198
258 204
258 215
258 232
259 169
259 198
259 204
259 209
259 211
259 222
259 223
259 232
259 236
259 239
259 246
259 255
259 258
260 204
260 209
260 233
261 204
262 169
262 172
262 204
262 253
262 259
263 169
263 179
264 179
265 67
265 190
265 198
265 203
265 211
265 222
265 232
265 238
265 245
265 259
266 147
266 172
266 218
266 223
266 248
266 256
268 198
268 258
269 215
269 232
269 257
269 258
269 267
270 169
270 192
271 169
271 255
272 20
272 34
272 131
272 147
272 154
272 157
272 169
272 178
272 190
272 196
272 198
272 201
272 203
272 223
272 227
272 232
272 238
272 246
272 256
272 271
273 260
274 169
274 215
274 246
274 257
274 258
274 259
276 129
276 169
277 129
277 169
277 231
278 236
279 169
279 192
279 246
279 272
280 198
280 211
280 224
280 229
280 255
280 258
281 218
281 280
283 232
283 273
284 169
284 196
284 198
284 222
284 223
284 232
284 257
284 265
284 270
284 272
284 279
285 215
285 219
285 259
287 246
287 256
288 133
288 169
288 178
288 258
288 265
288 279
289 236
289 246
289 255
289 256
289 258
289 259
289 272
289 280
290 253
290 270
291 280
292 211
293 211
295 262
296 225
297 117
297 169
297 274
298 169
298 198
298 259
298 265
298 274
298 275
298 280
298 289
299 272
299 298
300 67
300 229
300 277
302 169
302 222
302 300
303 232
304 147
305 4
305 21
305 109
305 153
305 169
305 203
305 205
307 72
307 169
307 272
308 147
308 256
308 307
309 272
310 50
310 119
310 236
312 311
313 147
313 276
314 259
314 306
315 198
316 119
316 169
316 196
316 198
316 238
316 243
316 258
316 259
316 265
316 272
316 275
316 280
316 289
316 298
316 307
317 172
318 235
318 258
318 270
318 288
318 313
319 238
321 157
321 169
321 190
321 265
321 272
321 284
321 288
321 300
321 310
322 222
322 234
323 138
323 169
323 227
323 236
324 198
324 255
325 112
326 160
327 109
327 139
327 148
327 160
327 198
327 211
327 229
327 280
329 169
330 133
331 211
332 192
332 297
333 169
333 178
334 169
334 196
334 231
334 277
335 229
335 258
335 298
336 154
336 164
336 198
336 208
336 238
336 265
336 270
336 279
336 284
336 313
337 332
340 169
340 224
340 225
340 240
341 50
341 240
341 280
341 340
342 203
343 192
343 235
343 240
343 284
343 302
343 316
343 333
346 203
346 272
346 288
346 298
346 336
347 272
348 169
348 238
349 119
349 258
349 289
349 298
349 321
350 133
350 164
350 192
350 198
350 235
350 258
350 270
350 284
350 313
350 316
350 318
350 336
350 343
352 222
354 208
355 143
355 169
355 181
355 192
355 203
355 305
355 313
355 318
355 330
355 336
355 343
355 346
355 350
356 240
357 229
357 284
357 307
357 313
358 192
358 336
359 169
360 131
360 169
360 203
360 227
360 254
360 272
360 315
361 301
361 317
362 169
363 119
363 169
363 203
363 272
363 283
363 284
363 288
363 298
363 316
363 318
364 169
364 349
366 169
367 222
367 352
368 4
369 203
369 272
369 284
369 333
369 363
371 238
371 279
371 282
371 288
371 321
372 211
372 327
372 355
373 163
373 203
374 313
375 286
376 258
376 367
378 284
379 163
379 203
379 205
379 272
379 352
379 353
380 163
380 272
380 284
381 350
382 336
382 374
384 131
384 272
385 227
385 229
385 245
385 272
385 284
385 300
385 321
385 323
385 357
385 371
385 380
386 203
387 203
387 272
387 369
388 176
388 236
388 272
388 306
390 379
391 131
391 203
391 272
391 390
392 203
392 229
392 369
392 391
394 229
394 288
394 298
394 326
395 64
395 229
395 242
395 272
395 361
395 376
397 272
398 131
398 163
398 190
398 203
398 211
398 258
398 265
398 272
398 284
398 288
398 321
398 355
398 363
398 366
398 370
398 371
398 380
398 388
398 392
401 190
403 203
403 222
403 236
403 328
404 265
404 339
404 385
405 355
406 203
407 21
407 272
407 310
407 329
407 368
407 392
407 397
409 131
409 203
409 229
409 258
409 298
409 335
409 336
409 385
409 391
410 395
411 371
411 378
411 380
411 385
412 112
412 386
414 50
414 90
414 227
414 272
414 310
414 376
414 377
414 392
415 131
415 203
415 227
415 272
415 283
415 296
415 321
415 367
415 379
415 392
415 395
415 398
415 403
416 315
416 326
416 385
416 392
416 398
416 399
416 407
417 326
417 414
418 317
418 408
419 50
419 238
419 326
420 203
420 321
420 329
420 398
420 415
423 362
423 363
424 369
424 370
424 380
424 397
424 405
425 272
425 360
425 392
425 416
425 419
426 398
427 272
427 321
427 392
427 398
427 403
427 414
427 415
427 416
428 272
428 403
429 230
429 272
429 385
429 409
429 415
430 72
430 112
430 138
430 203
430 230
430 238
430 241
430 272
430 283
430 320
430 338
430 347
430 360
430 367
430 369
430 379
430 387
430 391
430 395
430 398
430 400
430 403
430 404
430 406
430 415
430 420
430 429
431 305
432 203
432 229
432 244
432 360
432 371
432 409
432 414
432 418
432 425
433 272
433 384
433 398
433 407
434 379
435 238
435 310
435 398
436 138
436 203
436 363
436 371
436 385
436 432
436 433
437 321
437 379
437 398
437 429
438 321
438 422
439 404
439 430
440 272
440 371
440 378
441 131
441 272
441 398
441 414
441 415
441 429
442 432
443 430
444 321
444 427
444 429
445 410
446 4
446 117
446 138
446 203
446 272
446 369
446 371
446 376
446 380
446 385
446 391
446 407
446 420
446 430
446 432
446 433
447 131
447 203
447 229
447 272
447 296
447 353
447 368
447 398
447 403
447 409
447 415
447 430
447 433
448 272
448 384
448 392
448 403
448 409
448 415
448 420
448 432
448 447
449 397
449 429
450 392
450 409
450 415
450 448
451 203
451 430
452 131
452 138
452 203
452 222
452 323
452 395
452 398
452 407
452 409
452 415
452 420
452 425
452 432
452 446
452 447
453 446
454 131
454 138
454 203
454 230
454 236
454 384
454 391
454 415
454 430
454 432
454 448
455 131
455 138
455 203
455 379
455 391
455 415
455 430
455 446
455 447
455 448
455 452
457 138
457 203
457 272
457 347
457 384
457 391
457 392
457 398
457 420
457 425
457 432
457 446
457 447
457 448
457 450
458 379
458 415
458 447
459 229
459 272
459 315
459 430
459 441
459 448
460 131
460 203
460 415
460 420
460 436
460 454
460 455
461 272
461 323
461 379
461 383
461 398
461 414
461 430
462 272
462 409
462 415
462 430
462 432
462 446
462 448
462 452
462 454
463 236
463 265
463 392
463 398
463 415
463 420
463 435
463 447
464 272
464 398
464 433
464 436
464 437
464 440
464 446
465 163
465 369
465 391
465 398
465 415
465 430
465 440
465 446
465 450
465 457
466 387
467 291
467 425
467 427
468 398
468 414
468 417
469 371
469 392
470 117
470 203
470 272
470 367
470 385
470 397
470 407
470 409
470 424
470 426
470 433
470 450
470 459
471 430
471 455
473 227
473 360
473 395
474 272
474 452
476 436
477 357
478 112
479 388
480 417
480 425
480 430
481 50
481 131
481 296
481 345
481 369
481 392
481 406
481 407
481 415
481 417
481 446
481 447
481 469
482 229
482 272
482 446
482 448
482 470
483 367
483 379
483 406
483 415
484 310
484 367
484 414
484 432
485 211
485 229
485 415
485 464
486 272
486 398
486 430
487 131
487 203
487 415
487 430
488 452
488 470
489 335
489 385
489 395
489 398
489 409
489 433
489 436
489 463
489 464
490 203
490 236
490 383
490 425
491 230
491 272
491 342
491 430
491 441
491 444
491 476
491 481
492 430
493 272
493 369
493 398
495 50
495 71
495 163
495 272
495 385
495 392
495 395
495 432
495 433
495 436
495 448
495 460
496 395
496 447
497 391
497 392
497 430
497 447
497 457
498 272
498 367
498 397
498 415
498 430
498 448
498 452
498 457
498 465
499 309
499 461
500 430
501 244
501 367
501 376
501 446
501 460
501 461
501 484
502 229
502 393
502 409
502 415
502 433
502 446
502 447
502 465
502 495
503 131
503 353
503 379
503 384
503 398
503 403
503 415
503 422
503 430
503 446
503 447
503 448
503 454
503 458
503 459
503 460
503 465
503 481
504 272
505 131
505 379
505 385
505 397
505 398
505 415
505 433
505 441
505 446
505 447
505 455
505 480
505 481
505 485
505 503
506 504
507 203
507 236
507 367
507 392
507 403
507 414
507 484
507 503
508 229
508 379
508 398
508 412
508 481
508 484
509 361
509 383
509 415
510 353
510 379
510 403
510 415
510 446
510 447
510 458
510 503
510 507
511 415
512 229
512 361
512 374
512 407
512 409
512 450
512 470
512 503
513 508
514 112
514 432
514 508
516 415
516 432
516 446
516 465
517 296
517 379
517 403
517 415
517 462
517 503
518 272
518 398
518 448
518 454
519 403
520 448
522 131
522 392
522 415
522 433
522 447
522 452
522 458
522 481
522 503
522 510
523 430
524 376
524 421
524 468
525 203
525 398
525 400
525 430
525 448
525 481
525 522
526 272
526 446
527 272
527 432
527 499
528 410
528 420
528 430
528 447
528 463
528 503
528 525
529 443
529 502
530 203
530 397
530 398
530 452
530 485
530 489
531 430
533 379
533 396
535 21
535 131
535 203
535 217
535 272
535 315
535 386
535 390
535 392
535 397
535 398
535 405
535 407
535 415
535 424
535 426
535 430
535 437
535 448
535 449
535 452
535 457
535 458
535 465
535 469
535 470
535 480
535 481
535 483
535 489
535 503
535 505
535 512
535 517
535 525
535 530
537 272
537 379
537 398
537 405
537 420
537 430
537 433
537 452
537 465
537 469
537 485
537 486
537 489
537 528
537 534
537 535
538 361
538 391
538 415
538 448
538 450
538 463
538 465
538 475
538 498
538 535
539 379
539 430
539 483
539 486
539 533
539 538
541 311
541 406
542 203
542 242
542 433
542 447
542 457
542 465
542 474
542 481
542 486
542 528
542 530
543 430
543 432
543 457
543 503
544 379
544 402
544 481
544 527
544 535
544 539
545 112
545 320
545 430
545 481
545 535
545 544
546 272
546 379
546 430
546 544
546 545
547 272
547 365
547 368
547 379
547 407
547 424
547 430
547 439
547 447
547 480
547 486
547 505
547 535
547 537
548 397
548 481
548 544
549 261
549 272
549 320
549 368
549 402
549 405
549 412
549 422
549 430
549 456
549 458
549 469
549 472
549 481
549 504
549 514
549 524
549 533
549 535
549 542
549 543
549 544
549 545
549 546
550 112
550 415
550 544
550 549
551 272
551 389
551 549
552 397
553 384
554 21
554 203
554 398
554 422
554 453
555 417
555 452
555 550
556 146
556 320
556 379
556 413
556 499
556 531
556 545
556 549
557 417
557 430
557 452
557 537
557 555
558 505
558 512
559 76
559 131
559 203
559 272
559 347
559 374
559 398
559 433
559 450
559 454
559 464
559 495
559 502
559 557
560 430
560 448
560 450
561 112
561 131
561 398
561 415
561 447
561 450
561 480
561 481
561 486
561 493
561 525
561 535
561 537
561 547
561 549
561 554
562 384
563 556
564 203
565 398
565 424
565 535
565 549
566 389
567 272
567 315
567 379
567 380
567 398
567 409
567 426
567 437
567 447
567 480
567 481
567 486
567 503
567 522
567 523
567 525
567 535
567 537
567 558
567 561
568 498
569 112
569 272
569 369
569 387
569 405
569 535
570 537
571 486
571 535
571 537
571 547
571 561
571 567
572 438
572 553
572 570
573 444
573 447
573 480
573 489
573 561
574 430
574 517
574 535
574 537
574 561
574 567
574 569
575 398
575 535
575 561
576 535
577 448
578 451
578 535
578 549
578 567
579 498
580 561
580 567
581 480
581 486
581 503
581 574
582 514
583 415
583 447
583 458
583 481
583 503
583 510
583 522
583 545
583 549
584 415
584 441
585 272
585 369
585 397
585 430
585 530
585 561
585 569
585 581
586 422
586 549
587 481
587 514
587 544
587 545
587 546
587 561
587 567
587 583
588 561
589 315
590 430
590 481
591 481
591 520
591 525
591 535
592 430
592 447
592 476
592 535
592 537
592 561
592 574
593 338
595 430
595 528
595 546
595 548
595 550
596 447
596 458
596 481
596 503
596 510
596 545
596 583
596 587
597 379
597 406
599 561
600 535
600 549
601 432
601 547
601 553
601 572
603 320
603 430
603 567
604 480
605 117
605 351
605 380
605 402
605 407
605 424
605 430
605 535
605 551
605 587
606 430
607 4
607 131
607 242
607 556
608 379
608 424
608 535
608 547
608 587
608 605
609 342
609 550
609 572
610 237
610 379
610 544
610 546
610 547
610 548
610 594
611 417
612 347
612 398
612 430
612 486
612 544
612 546
613 254
614 379
614 591
615 561
616 21
616 131
616 242
616 272
616 380
616 514
616 521
616 527
616 545
616 546
616 549
616 551
616 556
616 570
616 587
616 602
616 609
618 390
618 397
618 430
618 470
618 535
618 537
618 542
618 544
618 561
618 567
618 574
619 481
619 544
619 605
620 398
621 430
621 549
621 561
621 606
623 522
623 537
624 366
624 407
624 534
624 549
624 621
625 379
625 540
625 544
625 545
626 402
626 546
626 601
626 605
626 608
626 610
627 605
628 544
628 561
629 254
629 535
629 608
630 514
631 537
633 112
633 572
633 623
634 476
634 483
634 504
634 539
634 549
634 551
634 563
634 566
634 572
634 578
635 294
635 405
635 481
635 623
635 632
636 112
636 424
636 592
637 254
637 550
638 351
638 535
638 544
638 546
638 551
639 608
639 626
640 375
641 444
641 573
642 478
644 539
644 546
644 591
644 638
645 527
645 544
645 554
645 613
645 616
645 634
646 546
646 547
646 636
649 535
649 547
649 601
650 556
650 587
651 344
651 470
651 592
652 544
652 546
652 550
652 587
652 596
653 422
653 549
654 369
654 434
654 546
654 556
654 570
654 625
654 644
654 645
655 614
656 4
656 379
656 466
658 451
658 563
658 634
659 438
659 483
659 544
659 546
659 549
659 551
659 587
659 609
659 636
659 638
659 651
659 658
660 587
660 628
661 552
661 616
662 379
662 412
662 629
664 254
664 515
664 549
664 563
664 628
664 637
665 112
665 483
665 524
665 551
665 572
665 598
665 622
665 634
665 645
665 650
667 451
667 634
667 644
667 665
668 648
669 551
669 667
670 242
670 413
670 653
671 430
671 544
671 587
671 663
672 389
672 651
672 659
673 650
674 375
674 617
674 625
675 596
676 634
677 563
677 586
677 605
677 616
677 644
677 665
677 667
678 434
678 636
678 656
678 658
680 527
680 549
680 572
680 587
680 609
680 616
680 634
680 667
680 676
681 549
681 626
682 402
682 544
682 659
682 666
684 402
686 412
686 451
686 563
686 636
687 686
689 112
689 135
689 430
689 549
689 570
689 634
689 645
689 658
689 683
689 686
690 272
690 405
690 430
690 549
690 600
690 605
690 659
690 676
691 566
691 616
691 643
691 690
692 670
693 651
695 556
696 402
696 405
696 430
696 468
696 476
696 512
696 549
696 563
696 566
696 636
696 645
696 653
696 672
696 676
696 686
697 634
698 566
699 698
701 424
701 468
701 469
701 483
701 549
701 563
701 600
701 616
701 634
701 665
701 672
703 456
703 483
703 665
704 549
704 616
704 634
704 648
704 690
705 634
705 677
706 112
706 430
706 634
706 645
706 691
707 587
707 701
708 112
708 325
708 342
708 438
708 549
708 616
708 645
708 657
708 686
708 689
708 702
708 706
709 217
709 438
709 483
709 556
709 616
709 634
709 656
709 659
709 665
709 696
709 704
711 658
712 711
713 607
713 634
713 696
713 701
714 112
714 242
714 487
716 146
716 370
716 651
716 667
717 634
717 677
718 707
719 667
719 669
719 696
720 709
721 676
722 438
722 634
722 645
722 653
722 668
722 700
723 521
723 708
723 709
723 716
723 718
724 634
724 709
725 549
726 616
726 706
727 668
728 643
728 672
729 272
729 418
729 478
729 499
730 665
733 656
733 729
734 551
734 563
734 616
734 634
734 659
734 670
734 690
735 272
735 430
735 499
735 536
735 551
735 556
735 563
735 616
735 634
735 645
735 658
735 664
735 665
735 667
735 677
735 688
735 691
735 696
735 706
735 708
735 715
735 717
737 112
737 430
737 549
737 563
737 612
737 634
737 669
737 685
737 694
737 696
737 701
737 705
737 735
738 598
739 732
740 412
742 686
742 692
742 693
743 659
744 418
744 563
744 667
744 723
745 499
745 659
747 636
748 645
748 735
749 272
749 430
749 605
749 616
749 667
749 691
749 696
749 708
749 731
749 735
749 737
749 741
750 254
750 272
750 563
750 586
750 616
750 686
751 691
752 551
752 677
752 735
752 737
753 665
754 634
755 690
756 430
756 689
757 613
757 664
757 696
757 756
759 748
760 728
761 430
761 451
761 494
761 536
761 612
761 634
761 665
761 669
761 689
761 706
761 735
761 741
761 749
761 752
762 430
762 566
762 645
762 651
762 689
762 696
762 706
762 708
762 735
762 739
762 749
762 752
762 761
763 645
763 735
764 430
764 761
767 570
767 761
768 524
768 634
768 642
768 689
768 692
768 696
768 708
768 717
768 735
768 761
768 762
768 767
769 272
769 424
769 569
769 605
769 690
770 566
770 616
770 642
770 669
770 714
770 737
770 768
771 325
771 412
771 563
772 689
772 708
772 716
772 735
772 741
772 761
773 761
775 551
775 672
775 716
775 735
776 551
776 634
776 696
776 735
776 741
776 749
776 752
776 761
776 775
777 658
777 764
778 478
778 698
779 634
779 735
780 430
780 536
780 706
780 728
780 758
780 761
780 768
780 772
780 779
782 487
782 714
783 665
783 691
783 696
783 760
783 763
784 430
784 451
784 761
785 451
785 512
785 532
785 634
785 735
786 634
786 734
787 780
788 647
788 735
789 691
790 658
790 724
790 728
790 749
790 750
790 783
791 708
792 451
793 551
794 672
794 691
794 760
795 768
797 750
797 796
798 430
799 645
799 761
800 344
800 735
800 749
800 761
801 325
801 551
801 667
801 696
801 708
801 737
801 749
801 761
801 776
802 430
802 735
802 739
802 754
802 762
802 764
802 768
802 787
802 794
802 800
803 344
803 442
803 691
803 706
803 708
803 735
803 737
803 749
803 802
804 696
804 783
805 749
806 344
806 689
806 708
806 739
806 749
806 756
806 761
806 765
806 768
806 770
806 774
806 780
806 781
806 783
806 800
806 805
808 783
808 807
809 468
810 430
811 690
812 664
812 770
813 806
814 762
814 773
815 696
815 735
815 746
815 749
815 761
815 775
815 779
815 803
816 689
816 691
816 696
816 780
817 658
817 689
817 696
817 802
817 815
818 512
818 667
818 696
818 710
818 761
818 766
818 779
818 793
818 806
819 430
819 451
819 531
819 715
819 802
819 818
820 803
821 135
821 430
821 531
821 689
821 706
821 735
821 761
821 767
821 768
821 780
822 430
822 536
822 761
822 802
824 451
824 692
824 749
824 773
825 430
825 724
825 802
826 737
826 746
826 761
827 764
827 817
828 686
828 696
828 752
828 768
828 776
828 788
828 799
828 801
829 771
830 741
830 805
831 135
831 689
831 692
831 696
831 761
832 761
832 802
833 135
833 272
833 430
833 651
834 741
835 724
836 430
836 696
836 735
836 756
836 768
837 770
837 778
837 784
838 451
838 536
838 679
838 692
838 706
838 761
838 764
838 777
838 802
839 430
839 756
839 768
839 772
839 800
839 806
839 822
839 825
839 828
839 831
840 658
840 756
840 761
840 780
841 531
841 569
841 706
841 838
842 430
842 735
842 761
842 780
842 822
842 831
842 838
843 766
844 658
844 689
844 706
844 761
844 784
844 823
845 696
845 739
845 761
846 819
846 828
846 840
847 818
848 828
849 451
849 840
850 451
850 686
850 828
851 696
851 706
852 430
852 658
852 689
852 692
852 761
852 780
852 798
852 825
852 838
852 840
852 842
852 851
853 838
853 842
853 852
854 135
854 430
854 761
854 838
854 840
855 613
855 658
855 689
855 706
855 721
855 736
855 756
855 761
855 780
855 784
855 785
855 799
855 818
855 831
855 840
855 852
856 851
857 451
857 784
857 838
857 840
857 855
858 764
858 804
858 817
858 819
858 840
858 855
859 706
859 838
860 838
861 821
862 451
862 821
863 536
863 784
863 785
863 798
863 821
863 855
864 802
864 840
865 852
865 855
866 764
867 430
868 430
868 844
868 858
869 850
869 863
870 487
871 451
871 851
871 852
871 860
872 764
872 784
872 858
873 761
873 785
873 855
873 863
874 784
875 855
876 706
877 736
877 775
878 844
879 536
880 846
881 840
881 855
881 861
882 855
883 687
884 742
884 883
885 451
886 849
887 823
888 640
