105
54
186
3
75
103
5
182
30
132
156
165
89
135
84
129
79
39
99
135
16
192
127
199
115
80
97
94
200
126
199
122
26
93
97
17
57
107
70
148
181
35
112
197
160
27
155
11
32
95
11
194
117
193
13
63
92
119
182
189
165
187
37
140
34
60
150
38
175
43
110
36
158
78
169
176
27
122
114
88
122
63
118
127
157
1
168
63
110
145
146
140
99
177
21
16
95
80
125
36
38
133
165
117
80
161
36
35
80
130
124
37
16
188
130
96
163
17
4
95
146
194
33
12
30
107
15
28
177
25
28
161
69
159
19
23
95
181
155
180
16
143
93
105
23
92
166
9
56
37
98
51
173
98
191
194
164
44
161
168
67
14
169
118
99
72
117
38
148
26
81
63
182
3
105
51
56
10
28
80
36
74
53
120
32
70
122
43
195
9
72
55
97
45
128
64
134
192
56
125
154
112
115
172
53
67
165
15
184
39
163
149
109
176
22
78
60
16
77
157
51
17
6
54
118
146
64
165
35
4
178
196
89
170
88
42
171
103
69
186
156
138
61
54
10
127
136
65
16
37
13
11
167
121
32
113
37
64
161
6
52
185
77
10
95
28
193
88
75
174
54
133
86
161
42
52
101
111
50
6
8
186
74
50
136
111
60
158
152
168
156
56
40
174
38
94
53
31
67
9
55
56
59
133
143
192
6
139
68
131
32
171
200
2
178
99
163
32
155
31
156
169
39
40
82
140
82
165
150
185
7
106
71
80
173
189
30
128
186
165
92
36
127
190
7
191
117
17
189
161
97
55
78
10
82
169
103
184
27
21
98
103
17
120
177
132
71
96
189
102
52
24
190
98
107
19
154
143
165
127
153
11
163
8
162
172
19
34
23
126
188
186
7
2
16
50
127
126
16
27
108
42
189
131
194
13
107
175
134
190
45
169
121
100
27
109
77
180
17
178
96
34
127
2
42
11
53
37
47
61
14
187
70
88
44
74
107
79
53
13
46
177
110
56
124
136
42
138
24
168
78
67
27
116
141
194
88
66
118
155
175
32
36
34
178
154
169
195
46
130
28
10
52
64
5
110
119
175
101
141
90
176
147
25
20
100
11
137
63
76
197
183
186
20
19
24
63
87
53
184
3
107
10
168
57
104
7
46
105
138
15
31
80
141
189
171
141
124
154
12
176
30
105
12
61
188
20
116
121
189
10
128
182
144
141
187
147
171
176
70
131
40
156
43
196
156
17
115
165
72
16
141
142
78
183
150
166
61
51
177
38
158
150
137
26
45
118
105
66
73
124
98
76
125
47
37
137
83
64
38
68
69
160
51
39
174
167
95
107
196
105
182
3
165
9
18
200
81
74
58
74
65
158
127
141
199
154
159
28
169
42
98
162
124
66
105
36
130
97
37
135
36
38
188
64
10
26
178
119
190
104
100
55
156
46
50
146
88
13
94
9
22
17
8
90
125
31
145
77
160
37
126
31
140
103
85
22
152
105
88
34
165
91
57
77
160
44
119
183
192
54
16
173
115
150
105
22
128
100
134
46
158
19
103
94
82
174
59
41
3
173
187
187
199
165
170
101
97
64
120
185
59
67
98
194
102
79
107
48
112
127
114
56
83
102
186
169
172
134
29
199
135
126
115
187
52
121
17
195
20
42
105
176
73
153
43
103
46
102
87
121
16
93
129
100
58
197
68
100
120
174
28
196
13
122
35
29
129
113
130
71
185
189
197
104
50
16
27
45
171
21
11
195
130
192
6
49
48
151
28
16
65
52
157
64
79
18
16
146
94
145
166
56
19
172
132
164
166
38
52
84
155
108
1
8
96
99
163
80
22
25
88
38
106
187
39
170
145
176
194
74
101
108
97
9
85
32
78
87
94
138
127
49
161
70
126
129
120
188
48
50
137
133
3
82
189
52
85
181
148
198
134
58
28
69
72
65
26
155
11
136
182
61
60
187
25
129
69
65
199
56
9
166
153
147
171
126
108
14
21
152
47
104
179
51
113
165
13
164
